# Back side body
0.2 0.0 -0.8 1.0 1.0 1.0
0.2 -0.2 -0.8 1.0 1.0 1.0
-0.2 0.0 -0.8 1.0 1.0 1.0
0.2 -0.2 -0.8 1.0 1.0 1.0
-0.2 0.0 -0.8 1.0 1.0 1.0
-0.2 -0.2 -0.8 1.0 1.0 1.0
# Bottom side body
0.2 -0.2 0.8 1.0 1.0 1.0
-0.2 -0.2 0.8 1.0 1.0 1.0
0.2 -0.2 -0.8 1.0 1.0 1.0
-0.2 -0.2 0.8 1.0 1.0 1.0
0.2 -0.2 -0.8 1.0 1.0 1.0
-0.2 -0.2 -0.8 1.0 1.0 1.0 
# Left side body part 1
-0.2 0.2 0.8 1.0 1.0 1.0
-0.2 -0.2 0.8 1.0 1.0 1.0
-0.2 0.2 0.4 1.0 1.0 1.0
-0.2 -0.2 0.8 1.0 1.0 1.0
-0.2 0.2 0.4 1.0 1.0 1.0
-0.2 -0.2 0.4 1.0 1.0 1.0
# Left side body part 2
-0.2 0.0 0.4 1.0 1.0 1.0
-0.2 -0.2 0.4 1.0 1.0 1.0
-0.2 0.0 -0.8 1.0 1.0 1.0
-0.2 -0.2 0.4 1.0 1.0 1.0
-0.2 0.0 -0.8 1.0 1.0 1.0
-0.2 -0.2 -0.8 1.0 1.0 1.0
# Left side body part 3
-0.2 0.2 0.4 1.0 1.0 1.0
-0.2 0.0 0.4 1.0 1.0 1.0
-0.2 0.0 -0.8 1.0 1.0 1.0
# Right side body part 1
0.2 0.2 0.8 1.0 1.0 1.0
0.2 -0.2 0.8 1.0 1.0 1.0
0.2 0.2 0.4 1.0 1.0 1.0
0.2 -0.2 0.8 1.0 1.0 1.0
0.2 0.2 0.4 1.0 1.0 1.0
0.2 -0.2 0.4 1.0 1.0 1.0
# Right side body part 2
0.2 0.0 0.4 1.0 1.0 1.0
0.2 -0.2 0.4 1.0 1.0 1.0
0.2 0.0 -0.8 1.0 1.0 1.0
0.2 -0.2 0.4 1.0 1.0 1.0
0.2 0.0 -0.8 1.0 1.0 1.0
0.2 -0.2 -0.8 1.0 1.0 1.0
# Right side body part 3
0.2 0.2 0.4 1.0 1.0 1.0
0.2 0.0 0.4 1.0 1.0 1.0
0.2 0.0 -0.8 1.0 1.0 1.0
# Up side body part 1
0.2 0.2 0.4 1.0 1.0 1.0
0.2 0.2 0.8 1.0 1.0 1.0
-0.2 0.2 0.4 1.0 1.0 1.0
0.2 0.2 0.8 1.0 1.0 1.0
-0.2 0.2 0.4 1.0 1.0 1.0
-0.2 0.2 0.8 1.0 1.0 1.0
# Up side body part 2
0.2 0.2 0.4 1.0 1.0 1.0
-0.2 0.2 0.4 1.0 1.0 1.0
0.2 0.0 -0.8 1.0 1.0 1.0
-0.2 0.2 0.4 1.0 1.0 1.0
0.2 0.0 -0.8 1.0 1.0 1.0
-0.2 0.0 -0.8 1.0 1.0 1.0
# Front side body
0.2 0.2 0.8 1.0 1.0 1.0
0.2 -0.2 0.8 1.0 1.0 1.0
-0.2 0.2 0.8 1.0 1.0 1.0
0.2 -0.2 0.8 1.0 1.0 1.0
-0.2 0.2 0.8 1.0 1.0 1.0
-0.2 -0.2 0.8 1.0 1.0 1.0
# Propeller
0.0 0.0 0.85 0.0 1.0 0.0
0.1 0.3 0.85 0.0 1.0 0.0
-0.1 0.3 0.85 0.0 1.0 0.0
0.0 0.0 0.85 0.0 1.0 0.0
0.1 -0.3 0.85 0.0 1.0 0.0
-0.1 -0.3 0.85 0.0 1.0 0.0
# Upright wings
0.0 0.0 -0.6 1.0 0.0 0.0
0.0 0.2 -0.6 1.0 0.0 0.0
0.0 0.0 -0.8 1.0 0.0 0.0
0.0 0.2 -0.6 1.0 0.0 0.0
0.0 0.0 -0.8 1.0 0.0 0.0
0.0 0.2 -0.8 1.0 0.0 0.0
