# Top side 1 (Red)
-0.25 0.25 -0.25 1.0 0.0 0.0
-0.25 0.25 0.25 1.0 0.0 0.0
0.25 0.25 -0.25 1.0 0.0 0.0
# Top side 2
0.25 0.25 -0.25 1.0 0.0 0.0
-0.25 0.25 0.25 1.0 0.0 0.0
0.25 0.25 0.25 1.0 0.0 0.0
# Front side 1 (Green)
-0.25 0.25 0.25 0.0 1.0 0.0
-0.25 -0.25 0.25 0.0 1.0 0.0
0.25 -0.25 0.25 0.0 1.0 0.0
# Front side 2
-0.25 0.25 0.25 0.0 1.0 0.0
0.25 -0.25 0.25 0.0 1.0 0.0
0.25 0.25 0.25 0.0 1.0 0.0
# Left side 1 (White)
-0.25 0.25 -0.25 1.0 1.0 1.0
-0.25 -0.25 -0.25 1.0 1.0 1.0
-0.25 -0.25 0.25 1.0 1.0 1.0
# Left side 2
-0.25 0.25 -0.25 1.0 1.0 1.0
-0.25 -0.25 0.25 1.0 1.0 1.0
-0.25 0.25 0.25 1.0 1.0 1.0
# Right side 1 (Blue)
0.25 -0.25 -0.25 0.0 0.0 1.0
0.25 0.25 -0.25 0.0 0.0 1.0
0.25 -0.25 0.25 0.0 0.0 1.0
# Right side 2
0.25 -0.25 0.25 0.0 0.0 1.0
0.25 0.25 -0.25 0.0 0.0 1.0
0.25 0.25 0.25 0.0 0.0 1.0
# Back side 1 (Purple)
-0.25 0.25 -0.25 0.8 0.0 1.0
-0.25 -0.25 -0.25 0.8 0.0 1.0
0.25 -0.25 -0.25 0.8 0.0 1.0
# Back side 2
-0.25 0.25 -0.25 0.8 0.0 1.0
0.25 -0.25 -0.25 0.8 0.0 1.0
0.25 0.25 -0.25 0.8 0.0 1.0
# Bottom side 1 (Yellow)
-0.25 -0.25 0.25 1.0 0.8 0.0
-0.25 -0.25 -0.25 1.0 0.8 0.0
0.25 -0.25 -0.25 1.0 0.8 0.0
# Bottom side 2
-0.25 -0.25 0.25 1.0 0.8 0.0
0.25 -0.25 -0.25 1.0 0.8 0.0
0.25 -0.25 0.25 1.0 0.8 0.0